a,x,y
0,1.0,1.0
1,0.6048250725528348,0.7752095083632767
1,0.5496342253020601,0.741822299732763
1,0.68503369436107,0.7316661753526169
0,0.0,0.4143998294826267
0,0.2828281769903872,0.0
0,0.49253424776274907,0.4558241600485933
1,0.6514839094801858,0.8781003168706074
1,0.8612442945614267,0.7124111031629224
1,0.5872609030157724,0.8871863158583018
