a,x,y
1,0.17480325357436755,0.449868835716245
1,0.12803565020935537,0.4186904334729035
1,1.0,1.0
1,0.2502589949607099,0.5001726633071399
1,0.5041890584850175,0.669459372323345
0,0.0,0.0
1,0.4542214103707247,0.6361476069138163
1,0.32479319922227795,0.5498621328148519
0,0.7242561893201355,0.4828374595467569
0,0.5020629610257117,0.33470864068380773
