a,x,y
0,0.25114273258289804,0.0
1,0.8287986199188742,0.8629135734340513
1,0.7206112413194181,0.7762844754401627
1,0.3855603426202085,0.5079984931740188
1,1.0,1.0
1,0.0,0.19926798194624018
0,0.6886467733644357,0.35032349348167496
1,0.6805242928549594,0.7441855722985996
0,0.6188569839931859,0.29444057459888734
1,0.8929015443548707,0.9142428374808346
