a,x,y
1,0.8903414825479028,0.9788778704561002
1,0.929970005171101,1.0
1,0.8464417297816368,0.9926478578296275
1,1.0,0.8964828813507759
0,0.8531200553244366,0.5028166671197938
0,0.0,0.0
1,0.6513830131715579,0.85286213203269
0,0.7233352030856433,0.7076906218590857
1,0.8872316665599859,0.9608274117109122
1,0.6228502143765468,0.6802275425766858
